課題を確認しました、OKです。
計算結果が1ケタになる場合の整形もしっかりできておりました。
for文のネストを使いこなせましたね。

* 課題2を実行した所、以下の結果になりました。

```
     1      2      3      4      5      6      7      8      9 
1の段  1    2    3    4    5    6    7    8    9    
2の段  2    4    6    8    10    12    14    16    18    
3の段  3    6    9    12    15    18    21    24    27    
4の段  4    8    12    16    20    24    28    32    36    
5の段  5    10    15    20    25    30    35    40    45    
6の段  6    12    18    24    30    36    42    48    54    
7の段  7    14    21    28    35    42    49    56    63    
8の段  8    16    24    32    40    48    56    64    72    
9の段  9    18    27    36    45    54    63    72    81    
```

こちらの課題では、以下の解答例のように、レイアウトをきれいに揃えることも観点です。

提出ありがとうございます。
こちらの課題は問題が2つあります。

一つ目の問題(整形なし)について正しく実装できておりました。
forループのネスト処理をうまく扱えましたね。

二つ目の問題(整形あり)のソースコードが提出物に含まれておりませんでした。
こちらの課題では、問題文の指定のようにレイアウトもレビュー観点です。
特に計算結果が1ケタの場合の処理がポイントです。

```
　　    1  2  3  4  5  6  7  8  9 
 1の段  1  2  3  4  5  6  7  8  9 
 2の段  2  4  6  8 10 12 14 16 18 
 3の段  3  6  9 12 15 18 21 24 27 
 4の段  4  8 12 16 20 24 28 32 36 
 5の段  5 10 15 20 25 30 35 40 45 
 6の段  6 12 18 24 30 36 42 48 54 
 7の段  7 14 21 28 35 42 49 56 63 
 8の段  8 16 24 32 40 48 56 64 72 
 9の段  9 18 27 36 45 54 63 72 81 
```

佐田さんの回答を見ると、計算結果が1ケタの場合にズレが生じてしまっています。
例えば3の段でいうと、3,6,9が2文字幅になるような工夫を入れましょう。

for文のネストは正しく書けているので、レイアウトさえうまく調整できれば、正解にたどりつけると思います。

課題1,2とも確認しました。OKです。
for文のネストを使いこなせましたね。
「半角スペースをいれるとずれてしまいます。」ですが、フォントの都合でずれてしまうことがあります。
森川さんはゼロ埋めで対応されており、これも正解だと思います。

特に課題2は文字幅の調整が難しいのですが、上手くクリアされておりました。
